27077;1654234563;797832;1654234573;335395;
34306;1654234573;523165;1654234594;503338;
35092;1654234594;790527;1654234595;135059;
34847;1654234595;426914;1654234595;662202;
34705;1654234595;906296;1654234598;963292;
35299;1654234599;267574;1654234599;519274;
35303;1654234599;744530;1654234609;302771;
34424;1654234609;501112;1654234609;743925;
34719;1654234609;980085;1654234612;994985;
34719;1654234609;980085;1654234615;95713;
34515;1654234615;417500;1654234615;644675;
34369;1654234615;895278;1654234616;218494;
34520;1654234616;535175;1654234616;796112;
34480;1654234617;14547;1654234617;309839;
34880;1654234617;495203;1654234617;686452;
34623;1654234617;979057;1654234618;245574;
34748;1654234618;454108;1654234618;685053;
34465;1654234618;933278;1654234621;531951;
34432;1654234621;823810;1654234622;173834;
34242;1654234622;451675;1654234625;218936;
33978;1654234625;490135;1654234625;768192;
34404;1654234625;969970;1654234628;885006;
34152;1654234629;168717;1654234629;552895;
34619;1654234629;807521;1654234630;42239;
34771;1654234630;288108;1654234632;667934;
34039;1654234632;845983;1654234635;233813;
33702;1654234635;573217;1654234638;203574;
34332;1654234638;443031;1654234638;717077;
34766;1654234638;924980;1654234641;434791;
34346;1654234641;641490;1654234644;806158;
34545;1654234644;999124;1654234645;314155;
34738;1654234645;648039;1654234645;923455;
34667;1654234646;123026;1654234648;812515;
34811;1654234655;347249;1654234658;274269;
34492;1654234658;591472;1654234658;838247;
34450;1654234659;70617;1654234661;632974;
34281;1654234661;949610;1654234662;370839;
34424;1654234662;600278;1654234665;23470;
34723;1654234665;313988;1654234665;557535;
34780;1654234665;789586;1654234666;110554;
34523;1654234666;429084;1654234666;701914;
34220;1654234666;909968;1654234667;118370;
33952;1654234667;388712;1654234667;664208;
33461;1654234667;866456;1654234668;151374;
29257;1654234668;345823;1654234671;265586;
34787;1654234671;546129;1654234680;720768;
35243;1654234680;993187;1654234681;527483;
35001;1654234681;814478;1654234682;158632;
35253;1654234682;418523;1654234684;890435;
35320;1654234685;141003;1654234685;478540;
35271;1654234685;778470;1654234686;96364;
35233;1654234686;415662;1654234686;793918;
35282;1654234687;56231;1654234690;115765;
35191;1654234690;413704;1654234690;775225;
35230;1654234691;60285;1654234691;344674;
35166;1654234691;534156;1654234692;87425;
35195;1654234692;333861;1654234697;234245;
35110;1654234697;454407;1654234701;322864;
35108;1654234701;607446;1654234704;824534;
34702;1654234705;125588;1654234705;809695;
34927;1654234706;86065;1654234706;526631;
34841;1654234706;731287;1654234707;60302;
34797;1654234707;364316;1654234712;849816;
33699;1654234713;121746;1654234713;306833;
34522;1654234713;601744;1654234713;782761;
34054;1654234714;88103;1654234714;320200;
32982;1654234714;560805;1654234714;739954;
32935;1654234715;40176;1654234715;190629;
31722;1654234715;519628;1654234715;696297;
31160;1654234715;999817;1654234716;170144;
32417;1654234716;479303;1654234716;775918;
33776;1654234716;960603;1654234717;190097;
32813;1654234717;438303;1654234717;641891;
33134;1654234717;923892;1654234718;236861;
34163;1654234718;560538;1654234718;784977;
34506;1654234719;38824;1654234719;236513;
34438;1654234719;517377;1654234719;720486;
34020;1654234719;998625;1654234720;277142;
34237;1654234723;106690;1654234723;284951;
34377;1654234723;525998;1654234723;802723;
34755;1654234724;6843;1654234724;260229;
34769;1654234724;474776;1654234724;775793;
32801;1654234833;247845;1654234833;777739;
33702;1654234834;13853;1654234834;443752;
33825;1654234834;656572;1654234835;121446;
33646;1654234835;454581;1654234838;722114;
33677;1654234838;970736;1654234839;206399;
33818;1654234839;452239;1654234839;768157;
33545;1654234840;90478;1654234840;532916;
33261;1654234840;728938;1654234845;594931;
32064;1654234845;846095;1654234846;174748;
33133;1654234846;488887;1654234846;724981;
33550;1654234846;967884;1654234847;259434;
33984;1654234847;446221;1654234847;789751;
32333;1654234848;96176;1654234850;628820;
33684;1654234850;964436;1654234851;370934;
34172;1654234851;605343;1654234852;103372;
33546;1654234852;402638;1654234852;685230;
33856;1654234852;883045;1654234853;301749;
34140;1654234853;523370;1654234854;50463;
33781;1654234854;325427;1654234854;644336;
33640;1654234854;963716;1654234857;784073;
33876;1654234858;1031;1654234858;372194;
32667;1654234858;642638;1654234858;925995;
33064;1654234859;120257;1654234859;390855;
32965;1654234859;601338;1654234859;875583;
33359;1654234860;82034;1654234860;448255;
32843;1654234860;718468;1654234861;89742;
33306;1654234861;358047;1654234861;852106;
33250;1654234862;157900;1654234862;568123;
33069;1654234862;798612;1654234865;454628;
33167;1654234865;678127;1654234866;396079;
33330;1654234866;638806;1654234869;960972;
33358;1654234870;314937;1654234870;699745;
32500;1654234870;959454;1654234871;344686;
32253;1654234871;594246;1654234872;84091;
33066;1654234872;391913;1654234872;690770;
33262;1654234872;871991;1654234873;281043;
33613;1654234873;511767;1654234874;53128;
33141;1654234874;333388;1654234874;899876;
33088;1654234875;111524;1654234878;239611;
33148;1654234878;470477;1654234878;839040;
32648;1654234879;113046;1654234879;398131;
33141;1654234879;607438;1654234882;232067;
33796;1654234882;467620;1654234882;799819;
33571;1654234883;106216;1654234883;470738;
32814;1654234883;745467;1654234884;176213;
33775;1654234884;385575;1654234884;765125;
33802;1654234887;286514;1654234890;308970;
28511;1654234890;626915;1654234890;918244;
30732;1654234891;109975;1654234891;450484;
26780;1654234891;742465;1654234892;104536;
25994;1654234892;405972;1654234892;681110;
33982;1654234892;860672;1654234893;327422;
34066;1654234893;509062;1654234896;430985;
35144;1654234896;699240;1654234899;900642;
34944;1654234900;221448;1654234906;255177;
33335;1654234906;453124;1654234906;750066;
34336;1654234906;934592;1654234907;212576;
33997;1654234907;412923;1654234907;678572;
33917;1654234907;892881;1654234908;144098;
34716;1654234908;374653;1654234908;693748;
34741;1654234909;12998;1654234909;292632;
33962;1654234909;499865;1654234909;748364;
34827;1654234909;972102;1654234910;289886;
30466;1654234910;612834;1654234910;933464;
32067;1654234911;252059;1654234911;495519;
34483;1654234911;737454;1654234912;5055;
33937;1654234912;209706;1654234915;5010;
34052;1654234915;248416;1654234915;606205;
34934;1654234915;894480;1654234916;164527;
34161;1654234916;367508;1654234916;683125;
34436;1654234917;10711;1654234917;412242;
35034;1654234917;646221;1654234917;872059;
34206;1654234918;128337;1654234918;369336;
32366;1654234918;607286;1654234918;817221;
34680;1654234919;93233;1654234919;379416;
33664;1654234919;565558;1654234919;857633;
32812;1654234920;45614;1654234920;260258;
31715;1654234920;530474;1654234920;790806;
33259;1654234921;9300;1654234921;340230;
35079;1654234921;644548;1654234922;27742;
35176;1654234922;285644;1654234922;654955;
35092;1654234922;927460;1654234923;205729;
35049;1654234923;405493;1654234923;763353;
35041;1654234924;44405;1654234924;427952;
35047;1654234924;686313;1654234925;187678;
35205;1654234925;482587;1654234925;891299;
35100;1654234926;123676;1654234926;427087;
35208;1654234926;612655;1654234927;148925;
35006;1654234927;402874;1654234927;638242;
34890;1654234927;881358;1654234928;156091;
35339;1654234928;361838;1654234928;586097;
29109;1654234928;843359;1654234929;126386;
31280;1654234929;319926;1654234929;741179;
34642;1654234929;962736;1654234930;288466;
34829;1654234930;599865;1654234930;876672;
35214;1654234931;91733;1654234931;398922;
34927;1654234931;719197;1654234931;934736;
35234;1654234932;203616;1654234932;496839;
34514;1654234932;678872;1654234932;950720;
34574;1654234933;162321;1654234933;399995;
32352;1654234933;639616;1654234936;809395;
34941;1654234936;998586;1654234937;594383;
34920;1654234937;797600;1654234940;874034;
34140;1654234941;155134;1654234941;652402;
34333;1654234941;959904;1654234942;428804;
34324;1654234942;754563;1654234942;940127;
32383;1654234943;232301;1654234943;599282;
33993;1654234943;888985;1654234946;384031;
34144;1654234946;593059;1654234946;832447;
32483;1654234947;71533;1654234947;388144;
34142;1654234947;731426;1654234948;147563;
34899;1654234948;349719;1654234948;546231;
34995;1654234948;829503;1654234949;142258;
35301;1654234949;473500;1654234949;683437;
35343;1654234949;949158;1654234950;198501;
35105;1654234950;430157;1654234950;661526;
35027;1654234950;910038;1654234951;150714;
30837;1654234951;387823;1654234951;606827;
32761;1654234951;874661;1654234952;96581;
33876;1654234952;347251;1654234952;571027;
34186;1654234952;827158;1654234953;67747;
33824;1654234953;311151;1654234953;647430;
33527;1654234953;946959;1654234954;192099;
34517;1654234954;426683;1654234954;730647;
34617;1654234955;67363;1654234955;290557;
34330;1654234955;547140;1654234955;823735;
34740;1654234956;26191;1654234956;286461;
34590;1654234956;508523;1654234956;770908;
34323;1654234956;984685;1654234957;257850;
33492;1654234957;464339;1654234957;780914;
33894;1654234958;110657;1654234958;563679;
33737;1654234958;746509;1654234958;993987;
34377;1654234959;223343;1654234959;421067;
33731;1654234959;706349;1654234960;134858;
33736;1654234960;342912;1654234960;572761;
33648;1654234960;822677;1654234961;113777;
34119;1654234961;308419;1654234961;851495;
34221;1654234962;103960;1654234962;420594;
32008;1654234962;742960;1654234962;922803;
28660;1654234963;222293;1654234963;436532;
30977;1654234963;701764;1654234963;918033;
33545;1654234964;183429;1654234964;399926;
33663;1654234964;664941;1654234964;879877;
34511;1654234965;143100;1654234965;363728;
34627;1654234965;622393;1654234966;250458;
34664;1654234966;579120;1654234966;780808;
33965;1654234967;59601;1654234967;288858;
34271;1654234967;540497;1654234967;772737;
34187;1654234968;18786;1654234968;278633;
32915;1654234968;498571;1654234968;721380;
33370;1654234968;979548;1654234969;209082;
33845;1654234969;458376;1654234969;737400;
33889;1654234969;938199;1654234970;327049;
34353;1654234970;577268;1654234970;765292;
30083;1654234971;57148;1654234971;258006;
29564;1654234971;538517;1654234971;695711;
32378;1654234972;17677;1654234972;209254;
33971;1654234972;498119;1654234972;699854;
34643;1654234972;988357;1654234973;276272;
34883;1654234973;616111;1654234973;824224;
34914;1654234974;96215;1654234974;285712;
34918;1654234974;575268;1654234974;830605;
34915;1654234975;57392;1654234975;248754;
34968;1654234975;535153;1654234975;882121;
34811;1654234976;175272;1654234976;426842;
34312;1654234976;655960;1654234976;923160;
34456;1654234977;137167;1654234977;380982;
34415;1654234977;616221;1654234977;844580;
33836;1654234978;94639;1654234978;425022;
28387;1654234978;735862;1654234978;932376;
31364;1654234979;217037;1654234979;453882;
32392;1654234979;692301;1654234979;885842;
33361;1654234980;172527;1654234980;404207;
32294;1654234980;652204;1654234980;906322;
37824;1654234981;131287;1654234983;776178;
35370;1654234984;9917;1654234984;287505;
35316;1654234984;492927;1654234984;761314;
34803;1654234984;969729;1654234985;225075;
34579;1654234985;459731;1654234985;706165;
34985;1654234985;929939;1654234986;166387;
34843;1654234986;409121;1654234986;719230;
35011;1654234987;50515;1654234989;859760;
34993;1654234990;86862;1654234990;323360;
34458;1654234990;568454;1654234990;842294;
34772;1654234991;47199;1654234991;287226;
34602;1654234991;532550;1654234991;737811;
34796;1654234992;5597;1654234992;258995;
35121;1654234992;485204;1654234992;704460;
34901;1654234992;975578;1654234993;383905;
34907;1654234993;605534;1654234993;886392;
34889;1654234994;85351;1654234994;360339;
34763;1654234994;567219;1654234994;819082;
34082;1654234995;44493;1654234995;315791;
34352;1654234995;523621;1654234995;833414;
28640;1654234996;171946;1654234996;366191;
30746;1654234996;649123;1654234996;916851;
33355;1654234997;122964;1654234997;334839;
34297;1654234997;603732;1654234997;864135;
34739;1654234998;84868;1654234998;414367;
35011;1654234998;722457;1654234998;975678;
34970;1654234999;202518;1654234999;421234;
35007;1654234999;681189;1654235000;70543;
35035;1654235000;334906;1654235001;12115;
35278;1654235001;281014;1654235001;534294;
35451;1654235001;760367;1654235002;26343;
35514;1654235002;239989;1654235002;519786;
35471;1654235002;720574;1654235003;8754;
35706;1654235003;205693;1654235003;463490;
35598;1654235003;688866;1654235003;965139;
35557;1654235004;158693;1654235004;375501;
35938;1654235004;639970;1654235004;926034;
35575;1654235005;118068;1654235005;389175;
35346;1654235005;615234;1654235005;874967;
34938;1654235006;77952;1654235006;298428;
35058;1654235006;560928;1654235006;827244;
35045;1654235007;37022;1654235007;315042;
34879;1654235007;518560;1654235007;753143;
34400;1654235008;4095;1654235010;406997;
33615;1654235010;715141;1654235010;974117;
33406;1654235011;195751;1654235011;442865;
34126;1654235011;674697;1654235011;951105;
34670;1654235012;154410;1654235012;357514;
34800;1654235012;641053;1654235012;906685;
34309;1654235013;116087;1654235013;378788;
33415;1654235013;610957;1654235016;244393;
34574;1654235016;493088;1654235016;772124;
34879;1654235016;953324;1654235017;235870;
34838;1654235017;431560;1654235017;687787;
35030;1654235017;911285;1654235018;374896;
34875;1654235018;553515;1654235018;822573;
34951;1654235019;30821;1654235019;427709;
34672;1654235019;671784;1654235020;1980;
33313;1654235020;310087;1654235020;561871;
33356;1654235020;803516;1654235021;283871;
34888;1654235021;617942;1654235022;65002;
32728;1654235022;396330;1654235022;887695;
34512;1654235023;189238;1654235023;823041;
34689;1654235024;151380;1654235024;610425;
34962;1654235024;953027;1654235025;290791;
34131;1654235025;589824;1654235025;853300;
29687;1654235026;73716;1654235026;260846;
30003;1654235026;548385;1654235026;768060;
33041;1654235027;26953;1654235027;318514;
33969;1654235027;507285;1654235027;922021;
35002;1654235028;148469;1654235028;533539;
35378;1654235028;786169;1654235029;57521;
35579;1654235029;264731;1654235029;633171;
35457;1654235029;920633;1654235030;483746;
35306;1654235030;726696;1654235030;995917;
35384;1654235031;185746;1654235031;474638;
35193;1654235031;664098;1654235031;926922;
35187;1654235032;143945;1654235032;416737;
35169;1654235032;624554;1654235032;861655;
35071;1654235033;103048;1654235033;345182;
35089;1654235033;582522;1654235033;822023;
35271;1654235034;61963;1654235034;470903;
35365;1654235034;702842;1654235034;946004;
35391;1654235035;184545;1654235035;429243;
35429;1654235035;662357;1654235035;888127;
35488;1654235036;141939;1654235036;425196;
35420;1654235036;620518;1654235036;853344;
35433;1654235037;117053;1654235037;409407;
35439;1654235037;741812;1654235038;365007;
35404;1654235038;539832;1654235038;821000;
35394;1654235039;22210;1654235039;343606;
35446;1654235039;659582;1654235039;913424;
35459;1654235040;144302;1654235040;392562;
35143;1654235040;618370;1654235040;930048;
35335;1654235041;260373;1654235041;604591;
35471;1654235041;898035;1654235042;155229;
35431;1654235042;377380;1654235042;787776;
35473;1654235043;23786;1654235043;343769;
35244;1654235043;657620;1654235046;556165;
35179;1654235046;856880;1654235047;88702;
35346;1654235047;335975;1654235047;590853;
35511;1654235047;865234;1654235050;762492;
35632;1654235051;14394;1654235051;296543;
35696;1654235051;492243;1654235054;494471;
35612;1654235054;690601;1654235054;977425;
35737;1654235055;170167;1654235055;435423;
35751;1654235055;696424;1654235055;952031;
35774;1654235056;133017;1654235059;111889;
35576;1654235059;332351;1654235059;666671;
35554;1654235059;968936;1654235060;369961;
35536;1654235060;609970;1654235063;192269;
35450;1654235063;494508;1654235066;182043;
35576;1654235066;365663;1654235066;642830;
35617;1654235066;843731;1654235067;132702;
35591;1654235067;324125;1654235069;673360;
34576;1654235069;882849;1654235070;182577;
31247;1654235070;364762;1654235070;614377;
33903;1654235070;851021;1654235071;87264;
33448;1654235071;323292;1654235071;506164;
35174;1654235071;801454;1654235072;33009;
34439;1654235072;284255;1654235072;476073;
34521;1654235072;760519;1654235077;450108;
34202;1654235077;718031;1654235077;951224;
34119;1654235078;198243;1654235080;445065;
34450;1654235080;756097;1654235080;975250;
34502;1654235081;235952;1654235081;438657;
34629;1654235081;716375;1654235081;921157;
34449;1654235082;195859;1654235082;406949;
34614;1654235082;675211;1654235082;881152;
33087;1654235083;155749;1654235083;399195;
33732;1654235083;634427;1654235083;877068;
34795;1654235084;114366;1654235084;330441;
34835;1654235084;597864;1654235084;847809;
35051;1654235085;73827;1654235085;288201;
33316;1654235085;557386;1654235085;833694;
34695;1654235086;33953;1654235086;295800;
34343;1654235086;512700;1654235086;786132;
34545;1654235086;993438;1654235087;262390;
34242;1654235087;472480;1654235087;705343;
34249;1654235087;952069;1654235088;198886;
34059;1654235088;433341;1654235088;650983;
34622;1654235088;911725;1654235089;160972;
34405;1654235089;393742;1654235089;645725;
35202;1654235089;870774;1654235090;172577;
35048;1654235090;351083;1654235093;325937;
34617;1654235093;549955;1654235093;770719;
28575;1654235094;28770;1654235094;196362;
30116;1654235094;510200;1654235094;703484;
33398;1654235097;823786;1654235100;99606;
35756;1654235100;425055;1654235100;670370;
35508;1654235100;905426;1654235101;199950;
35895;1654235101;562158;1654235104;285222;
35721;1654235104;584185;1654235106;874100;
35565;1654235107;141854;1654235110;149338;
35508;1654235110;341498;1654235110;673319;
35387;1654235110;979219;1654235114;430183;
33955;1654235114;657924;1654235114;997824;
34566;1654235115;296710;1654235115;573398;
34761;1654235115;776296;1654235115;985399;
35068;1654235116;257276;1654235116;542590;
34424;1654235116;740075;1654235117;5317;
33909;1654235117;219308;1654235117;521058;
34048;1654235117;857548;1654235118;145583;
34031;1654235118;335676;1654235118;701426;
33423;1654235118;974630;1654235119;409252;
33246;1654235119;622542;1654235122;778117;
33932;1654235122;976086;1654235123;267757;
33918;1654235123;612253;1654235123;884224;
34542;1654235124;91716;1654235124;551437;
34762;1654235124;734962;1654235127;169971;
34299;1654235129;577875;1654235130;26199;
34764;1654235130;331821;1654235133;457722;
35285;1654235133;687794;1654235137;97940;
35226;1654235137;365159;1654235137;917703;
35252;1654235138;165794;1654235143;187241;
35399;1654235143;440788;1654235143;838990;
35425;1654235144;95102;1654235144;560493;
35276;1654235144;889584;1654235145;571671;
35167;1654235145;853211;1654235148;189480;
35317;1654235148;399886;1654235148;910631;
35610;1654235149;200407;1654235152;161469;
35601;1654235152;408551;1654235158;327914;
35450;1654235158;639445;1654235159;305136;
35547;1654235159;594811;1654235163;211497;
35559;1654235163;434519;1654235166;280353;
35533;1654235166;468261;1654235169;349310;
35670;1654235169;667920;1654235170;265306;
35474;1654235170;467156;1654235173;388441;
35413;1654235173;664101;1654235174;157375;
35555;1654235176;471530;1654235183;31995;
35482;1654235183;266318;1654235191;861607;
35514;1654235192;102463;1654235198;537382;
35628;1654235198;770409;1654235207;228932;
35642;1654235207;653766;1654235222;41912;
35642;1654235207;653766;1654235224;73500;
35437;1654235224;370323;1654235230;275175;
34948;1654235230;601291;1654235236;483984;
35267;1654235236;697598;1654235237;554233;
34532;1654235237;828023;1654235242;956938;
28578;1654235243;229427;1654235251;821502;
34695;1654235252;31225;1654235261;264781;
34505;1654235261;485015;1654235274;530617;
34345;1654235274;731068;1654235285;734319;
34325;1654235288;118156;1654235294;256797;
34534;1654235294;582360;1654235303;393588;
32264;1654235303;682280;1654235306;768641;
32264;1654235303;682280;1654235309;744271;
34554;1654235310;102071;1654235313;65132;
34554;1654235310;102071;1654235315;846744;
34620;1654235316;193705;1654235319;633671;
34671;1654235319;986270;1654235326;37089;
34673;1654235326;380938;1654235332;464564;
34702;1654235332;775261;1654235336;181787;
34743;1654235336;469147;1654235340;14198;
34533;1654235340;293983;1654235343;302636;
34640;1654235343;661281;1654235347;512928;
34584;1654235347;807923;1654235350;145019;
34587;1654235350;366947;1654235350;623965;
34601;1654235350;845968;1654235353;447362;
34638;1654235353;724011;1654235356;858155;
34548;1654235357;82106;1654235360;320272;
34920;1654235360;606786;1654235361;734137;
34920;1654235360;606786;1654235364;578389;
34519;1654235364;919818;1654235368;246285;
34566;1654235368;437222;1654235371;197102;
34606;1654235373;802086;1654235381;462370;
34564;1654235381;725181;1654235389;17307;
34622;1654235389;387306;1654235392;362908;
34603;1654235392;615125;1654235395;345642;
34547;1654235395;623045;1654235397;951439;
34596;1654235398;183030;1654235398;424343;
34544;1654235398;660474;1654235398;879928;
34536;1654235401;891563;1654235402;175726;
34663;1654235402;497003;1654235402;823194;
34773;1654235403;144591;1654235406;106351;
32660;1654235406;334201;1654235409;483134;
29199;1654235409;692478;1654235412;968837;
31346;1654235413;221571;1654235413;562055;
29420;1654235416;447036;1654235416;692937;
34202;1654235416;888574;1654235417;253376;
34789;1654235417;528550;1654235417;815345;
34536;1654235418;8812;1654235432;241822;
35070;1654235432;569135;1654235433;317442;
34891;1654235433;527704;1654235442;342134;
35048;1654235442;636692;1654235446;48922;
35181;1654235446;313366;1654235447;29405;
35036;1654235447;274419;1654235453;253696;
34535;1654235453;507828;1654235456;517913;
28070;1654235458;968903;1654235464;819360;
34049;1654235465;28135;1654235475;256960;
31371;1654235475;583422;1654235489;328766;
35607;1654235492;411624;1654235500;604097;
35561;1654235500;846998;1654235519;52947;
34794;1654235519;233305;1654235528;714468;
35169;1654235528;988414;1654235529;673441;
35114;1654235529;945794;1654235530;589532;
35102;1654235530;904331;1654235533;329017;
33933;1654235533;623801;1654235534;16285;
34314;1654235534;262623;1654235535;182221;
34767;1654235535;389508;1654235535;884597;
34394;1654235536;192899;1654235543;727420;
31906;1654235544;18091;1654235544;395980;
29586;1654235547;269800;1654235547;649855;
33001;1654235547;856814;1654235551;6282;
33001;1654235547;856814;1654235553;105517;
35609;1654235553;293961;1654235560;528459;
35492;1654235560;808688;1654235566;893955;
35492;1654235560;808688;1654235569;521576;
35614;1654235569;811366;1654235582;368026;
35195;1654235582;560258;1654235585;801216;
34733;1654235586;75016;1654235602;54071;
31152;1654235602;395759;1654235602;816684;
32916;1654235603;24669;1654235605;615250;
32916;1654235603;24669;1654235607;620406;
31439;1654235607;822332;1654235608;326202;
31894;1654235608;677474;1654235615;759664;
34471;1654235615;977773;1654235619;770750;
34274;1654235619;977335;1654235623;277635;
34074;1654235623;493668;1654235626;317462;
34107;1654235626;530740;1654235627;199213;
34273;1654235627;493089;1654235628;371361;
34482;1654235628;610466;1654235637;287535;
32147;1654235637;728951;1654235644;608148;
33866;1654235644;926885;1654235645;721387;
34184;1654235649;141094;1654235657;969989;
34068;1654235658;200162;1654235664;885600;
34122;1654235665;231581;1654235665;842927;
34184;1654235666;193814;1654235672;324093;
34041;1654235672;598506;1654235676;917019;
34166;1654235677;224105;1654235683;800973;
33294;1654235684;100337;1654235684;384614;
33966;1654235684;586185;1654235684;876359;
32800;1654235685;231884;1654235685;550952;
27050;1654235685;858741;1654235686;22511;
28300;1654235686;337764;1654235686;511719;
31280;1654235686;818806;1654235687;38584;
27687;1654235687;300896;1654235687;511913;
29648;1654235690;37298;1654235690;496746;
33172;1654235690;840797;1654235691;560382;
33458;1654235691;783013;1654235695;141860;
33956;1654235695;455683;1654235700;805100;
34241;1654235701;58639;1654235701;924084;
33220;1654235702;181440;1654235705;218066;
34149;1654235705;527729;1654235708;890905;
34442;1654235709;206620;1654235710;170394;
33838;1654235710;487053;1654235711;222651;
33798;1654235711;444913;1654235711;671532;
34170;1654235711;925830;1654235712;319395;
33856;1654235712;573846;1654235713;270919;
34087;1654235713;524257;1654235717;408846;
33578;1654235717;728405;1654235718;707822;
32803;1654235718;971080;1654235724;799587;
33102;1654235725;37340;1654235725;333349;
33102;1654235725;37340;1654235727;799674;
34053;1654235728;85251;1654235729;356617;
33606;1654235729;673608;1654235736;932139;
33927;1654235737;190744;1654235737;524023;
34192;1654235737;831467;1654235738;187484;
33732;1654235738;468528;1654235738;739853;
34056;1654235738;948994;1654235739;200080;
34171;1654235739;428124;1654235739;684337;
34012;1654235739;908922;1654235740;171126;
33688;1654235740;400590;1654235743;22737;
31264;1654235743;265728;1654235743;501871;
32505;1654235743;745878;1654235744;275076;
33932;1654235744;551230;1654235744;792021;
33781;1654235745;35511;1654235745;322753;
34191;1654235745;507681;1654235745;760882;
33773;1654235745;991407;1654235746;392923;
33967;1654235746;625887;1654235746;923975;
33533;1654235747;264732;1654235747;474607;
33796;1654235747;743969;1654235748;124611;
33556;1654235748;386253;1654235748;672967;
33569;1654235748;863681;1654235749;148918;
33521;1654235749;346911;1654235751;824840;
34052;1654235752;62341;1654235752;315943;
33892;1654235752;542698;1654235752;904766;
33293;1654235753;180665;1654235753;439046;
32845;1654235753;667957;1654235753;875843;
32352;1654235754;141463;1654235754;344004;
33723;1654235754;621239;1654235754;912520;
34042;1654235755;100244;1654235757;969124;
34073;1654235758;299291;1654235758;565611;
34040;1654235758;778354;1654235759;338434;
33744;1654235759;579709;1654235759;826669;
34386;1654235760;57353;1654235760;548659;
33995;1654235760;856710;1654235761;122816;
33782;1654235761;337685;1654235761;863407;
33769;1654235762;137021;1654235762;469633;
34029;1654235762;777761;1654235763;424274;
34184;1654235763;738373;1654235764;495451;
33956;1654235764;855890;1654235765;675492;
34333;1654235765;975582;1654235769;700264;
33958;1654235769;981711;1654235776;892238;
33949;1654235777;167036;1654235780;861967;
34478;1654235781;168594;1654235784;317850;
34346;1654235784;524109;1654235787;856929;
33587;1654235788;52564;1654235793;92078;
34555;1654235793;320920;1654235797;290851;
34140;1654235797;636769;1654235800;918151;
34558;1654235801;157673;1654235801;425507;
34025;1654235801;633547;1654235801;912135;
33802;1654235802;114897;1654235802;502971;
33132;1654235802;753612;1654235803;249965;
34344;1654235803;554536;1654235803;801218;
34352;1654235804;46541;1654235804;284679;
34033;1654235804;515224;1654235805;70370;
34570;1654235805;312013;1654235805;534161;
34538;1654235805;792595;1654235806;499298;
34507;1654235806;750404;1654235806;982989;
34373;1654235807;233329;1654235807;574609;
34322;1654235807;878196;1654235808;197786;
34571;1654235808;509723;1654235808;818662;
33558;1654235809;154136;1654235809;435162;
34423;1654235809;628546;1654235817;502070;
33503;1654235817;805681;1654235826;922273;
32297;1654235827;222557;1654235833;77220;
34158;1654235833;299304;1654235842;282617;
33919;1654235842;574590;1654235846;13061;
34159;1654235846;252557;1654235850;12361;
34299;1654235850;268350;1654235857;790678;
34140;1654235858;100431;1654235858;629714;
34246;1654235858;885233;1654235859;787660;
34118;1654235860;3125;1654235863;543453;
34035;1654235863;840269;1654235869;607998;
33417;1654235869;916797;1654235870;276048;
34193;1654235870;886567;1654235871;575536;
33889;1654235871;840896;1654235872;269916;
34449;1654235872;474331;1654235872;685958;
34369;1654235872;978144;1654235875;904648;
33513;1654235876;152099;1654235876;650598;
33845;1654235876;958252;1654235877;255946;
33724;1654235877;431266;1654235878;56320;
33909;1654235878;390899;1654235879;42263;
