27577;1664174477;370986;1664174485;082533
27552;1664174485;152275;1664174486;262831
26224;1664174486;275948;1664174499;150855
27578;1664174499;165955;1664174499;986690
27582;1664174499;998974;1664174506;319011
27500;1664174506;348973;1664174506;973138
27623;1664174506;986888;1664174507;849617
27624;1664174507;866688;1664174508;514927
27556;1664174508;528845;1664174509;19094
27590;1664174509;208743;1664174515;087505
27546;1664174515;110631;1664174521;138063
27562;1664174521;231856;1664174542;184836
26370;1664174542;195206;1664174549;113913
29121;1664174549;130796;1664174549;991427
28673;1664174550;014692;1664174550;754443
28049;1664174550;774749;1664174554;472753
27585;1664174554;485234;1664174555;153891
27545;1664174555;166667;1664174555;909020
27598;1664174555;925985;1664174556;620015
27636;1664174556;639106;1664174557;274672
27603;1664174557;286470;1664174558;104325
27592;1664174558;124675;1664174558;872969
26214;1664174558;883296;1664174565;270272
27704;1664174565;298572;1664174565;976935
29104;1664174566;021524;1664174568;995949
27511;1664174569;012504;1664174569;830391
27545;1664174569;847026;1664174570;501558
27438;1664174570;519678;1664174573;848424
27577;1664174573;886385;1664174574;504972
27311;1664174574;518155;1664174575;137412
27602;1664174575;157948;1664174575;750303
27477;1664174575;768576;1664174576;355634
26088;1664174576;374358;1664174582;614273
26393;1664174582;627458;1664174583;216181
23204;1664174583;229738;1664174583;771751
28038;1664174583;789615;1664174584;572391
28085;1664174584;595734;1664174591;188466
27495;1664174591;239142;1664174591;887294
27512;1664174591;908747;1664174601;761371
27440;1664174601;787534;1664174602;477041
27508;1664174602;495361;1664174605;590625
27400;1664174605;607227;1664174606;204603
26235;1664174606;218945;1664174612;547901
27666;1664174612;560934;1664174613;346159
29031;1664174613;366942;1664174614;095582
28450;1664174614;107850;1664174614;929438
28091;1664174614;974209;1664174615;613243
27585;1664174615;639926;1664174616;156855
27469;1664174616;184572;1664174616;935237
27458;1664174616;962254;1664174617;478754
27559;1664174617;493116;1664174618;107076
27468;1664174618;123426;1664174618;792995
26314;1664174618;807665;1664174625;032979
27717;1664174625;047651;1664174625;770242
28897;1664174625;785124;1664174626;369574
28508;1664174626;394653;1664174627;043922
28121;1664174627;098752;1664174627;795457
27633;1664174627;813156;1664174628;468811
27396;1664174628;487862;1664174629;295250
27373;1664174629;312979;1664174629;881981
27401;1664174629;900884;1664174630;536659
27392;1664174630;559954;1664174631;273489
26228;1664174631;291349;1664174637;762519
27784;1664174637;785604;1664174638;421179
29052;1664174638;437987;1664174639;071674
28576;1664174639;082703;1664174645;239448
27501;1664174645;264117;1664174646;129470
27421;1664174646;142623;1664174646;876301
27404;1664174646;900879;1664174647;462019
27413;1664174647;475820;1664174650;734954
27504;1664174650;756844;1664174660;090482
27396;1664174660;120279;1664174660;777116
26260;1664174660;788890;1664174667;100646
27838;1664174667;118049;1664174668;220252
28814;1664174668;240140;1664174668;885595
28468;1664174668;898433;1664174669;530628
28048;1664174669;542974;1664174673;148938
27354;1664174673;160004;1664174673;781211
27426;1664174673;793400;1664174674;448714
27297;1664174674;459643;1664174675;109911
27543;1664174675;123944;1664174675;688866
27525;1664174675;714746;1664174676;372573
26292;1664174676;396610;1664174682;624957
27731;1664174682;640151;1664174683;297093
29117;1664174683;313338;1664174684;055105
28678;1664174684;069602;1664174684;74329
28327;1664174684;756510;1664174685;458679
27841;1664174685;481120;1664174686;120045
27429;1664174686;131433;1664174686;812265
27184;1664174686;825648;1664174687;460891
27517;1664174687;478221;1664174688;132727
27436;1664174688;143753;1664174688;775012
26310;1664174688;787865;1664174695;236820
27775;1664174695;247470;1664174695;785481
29130;1664174695;798449;1664174696;627621
28537;1664174696;644199;1664174697;263308
28033;1664174697;282609;1664174697;847459
27715;1664174697;858212;1664174698;463721
27504;1664174698;490789;1664174698;969133
27546;1664174698;983695;1664174699;599985
27569;1664174699;618732;1664174700;176916
27448;1664174700;190633;1664174700;829195
26342;1664174700;842000;1664174707;618740
23222;1664174707;635888;1664174708;231278
28808;1664174708;250445;1664174709;030552
28143;1664174709;043613;1664174710;025574
27533;1664174710;045516;1664174714;327367
27512;1664174714;342076;1664174715;518804
27513;1664174715;536982;1664174716;545960
27630;1664174716;582510;1664174717;392777
27511;1664174717;408146;1664174718;13224
27569;1664174718;150337;1664174719;190026
26309;1664174719;222103;1664174725;561139
27955;1664174725;579357;1664174726;158819
29054;1664174726;168398;1664174726;787549
28669;1664174726;804979;1664174727;546261
28215;1664174727;559897;1664174728;117069
27730;1664174728;136408;1664174728;750236
27453;1664174728;765468;1664174729;394755
27571;1664174729;405591;1664174730;076972
27432;1664174730;089497;1664174730;799054
27537;1664174730;815804;1664174731;453435
26233;1664174731;475035;1664174737;705613
27898;1664174737;719327;1664174738;451068
28930;1664174738;476941;1664174739;149860
28445;1664174739;166672;1664174741;904306
27607;1664174741;921619;1664174742;546711
27559;1664174742;557536;1664174743;168727
27516;1664174743;192468;1664174743;838440
27663;1664174743;849066;1664174747;467505
27624;1664174747;494113;1664174748;134909
27586;1664174748;148126;1664174748;885307
26459;1664174748;898209;1664174755;322442
27902;1664174755;340297;1664174756;286144
28873;1664174756;318628;1664174757;411057
28041;1664174757;430141;1664174758;137079
27736;1664174758;156343;1664174759;405395
27660;1664174759;552333;1664174760;777046
27696;1664174760;794014;1664174761;693170
27688;1664174761;748766;1664174766;046236
27685;1664174766;103095;1664174770;517435
27709;1664174770;546717;1664174771;681353
26332;1664174771;697870;1664174778;366639
23208;1664174778;418070;1664174779;272017
28676;1664174779;309236;1664174780;199039
28219;1664174780;216646;1664174783;022982
27593;1664174783;034908;1664174783;842297
27638;1664174783;854162;1664174787;632659
27653;1664174787;646919;1664174788;601934
27584;1664174788;621445;1664174789;956937
27612;1664174789;973994;1664174791;052061
27660;1664174791;072694;1664174794;821194
26383;1664174794;845414;1664174804;632432
27647;1664174804;732281;1664174805;686971
27614;1664174805;710456;1664174806;545998
27710;1664174806;592999;1664174807;615875
27611;1664174807;670721;1664174810;798597
27697;1664174810;827113;1664174811;611188
27649;1664174811;624973;1664174812;369620
27647;1664174812;417501;1664174813;536875
27589;1664174813;563291;1664174814;721923
27667;1664174814;769332;1664174815;720469
26490;1664174815;741734;1664174822;276562
23201;1664174822;344685;1664174823;077660
28902;1664174823;088057;1664174824;14281
28040;1664174824;191090;1664174825;445325
27642;1664174825;469469;1664174826;598731
27586;1664174826;653411;1664174827;792218
27628;1664174827;808938;1664174828;637730
27643;1664174828;692678;1664174829;750671
27665;1664174829;771207;1664174830;547572
27599;1664174830;565928;1664174831;576910
26374;1664174831;602820;1664174838;374448
23215;1664174838;438180;1664174839;196390
28748;1664174839;254571;1664174840;654876
27906;1664174840;700869;1664174846;874952
27616;1664174846;927474;1664174848;378740
27585;1664174848;407449;1664174849;84246
27584;1664174849;892190;1664174857;888558
27544;1664174857;903719;1664174859;271403
27598;1664174859;308422;1664174865;956415
27572;1664174866;011704;1664174867;373716
26263;1664174867;390760;1664174873;874843
23153;1664174873;924966;1664174874;677191
28903;1664174874;690037;1664174875;451294
28208;1664174875;467315;1664174878;957800
27558;1664174878;974959;1664174879;952778
27722;1664174879;972173;1664174882;951096
27642;1664174882;970466;1664174883;877804
27761;1664174883;911496;1664174885;097486
27710;1664174885;113527;1664174885;997807
27637;1664174886;013160;1664174886;726743
26269;1664174886;741383;1664174893;274401
23231;1664174893;292621;1664174895;028936
28340;1664174895;072660;1664174896;005963
27523;1664174896;060307;1664174896;992761
27681;1664174897;009525;1664174897;905617
27588;1664174897;946625;1664174898;935999
27609;1664174898;967980;1664174899;893544
27646;1664174899;949173;1664174900;781775
27506;1664174900;835423;1664174902;110185
27641;1664174902;126321;1664174905;206514
26346;1664174905;251584;1664174912;397179
28899;1664174912;544408;1664174913;739869
28103;1664174913;797013;1664174919;844416
27657;1664174919;859222;1664174920;587189
27672;1664174920;635182;1664174923;991289
27582;1664174924;010473;1664174930;852557
27655;1664174930;898895;1664174934;408798
27600;1664174934;514345;1664174940;709981
27713;1664174940;727198;1664174941;556305
27633;1664174941;609775;1664174944;439458
26220;1664174944;498245;1664174950;904683
27837;1664174950;920680;1664174955;218172
27554;1664174955;235062;1664174956;032362
27513;1664174956;053389;1664174956;913722
27476;1664174956;933821;1664174957;824388
27493;1664174957;841060;1664174958;931856
27550;1664174958;951623;1664174959;745307
27495;1664174959;929329;1664174963;129462
27486;1664174963;155028;1664174963;935039
27491;1664174963;948826;1664174964;738121
26318;1664174964;755818;1664174971;044458
27796;1664174971;063192;1664174971;836052
29022;1664174971;875016;1664174972;723142
28396;1664174972;742412;1664174973;665608
27748;1664174973;700437;1664174974;326374
27548;1664174974;338871;1664174974;962382
27570;1664174974;975323;1664174975;534810
27548;1664174975;555608;1664174976;359999
27456;1664174976;375360;1664174977;083410
27571;1664174977;100536;1664174977;643083
52747;1664174977;665726;1664174984;755896
29082;1664174984;770653;1664174985;470395
28620;1664174985;484766;1664174986;091268
28235;1664174986;109931;1664174986;701295
27798;1664174986;718871;1664174987;340214
27489;1664174987;356575;1664174987;978633
27490;1664174987;997622;1664174988;657766
27429;1664174988;704833;1664174989;506194
27465;1664174989;550621;1664174990;194166
27592;1664174990;210883;1664174991;075081
26219;1664174991;094482;1664174997;575645
27814;1664174997;589239;1664174998;285611
29216;1664174998;304003;1664174998;914986
28661;1664174998;933364;1664174999;516523
28146;1664174999;530340;1664175000;259323
27531;1664175000;277323;1664175001;172797
27467;1664175001;207271;1664175001;76843
27487;1664175001;788311;1664175002;630425
27539;1664175002;664200;1664175003;225497
27549;1664175003;241615;1664175003;832657
26257;1664175003;848194;1664175010;477146
23153;1664175010;514576;1664175011;556665
28726;1664175011;577395;1664175012;577826
28061;1664175012;594146;1664175013;719536
27471;1664175013;761129;1664175015;047309
27514;1664175015;060158;1664175015;937544
27424;1664175015;961344;1664175017;116540
27475;1664175017;225405;1664175018;251371
27386;1664175018;312428;1664175019;395949
27487;1664175019;439176;1664175020;877031
26301;1664175020;932703;1664175027;163694
27675;1664175027;207665;1664175027;994756
29177;1664175028;081166;1664175028;594420
28745;1664175028;618538;1664175029;178362
28332;1664175029;204846;1664175029;964617
27498;1664175029;986581;1664175030;638743
27543;1664175030;656177;1664175031;255676
27564;1664175031;267687;1664175031;907975
27579;1664175031;943507;1664175032;604554
27522;1664175032;624178;1664175033;210524
26292;1664175033;224409;1664175039;549014
27835;1664175039;560512;1664175040;172958
29228;1664175040;185650;1664175040;754331
28718;1664175040;767737;1664175041;523547
28319;1664175041;557570;1664175042;016136
28057;1664175042;035489;1664175042;557179
27483;1664175042;576111;1664175043;203631
27498;1664175043;219439;1664175043;827546
27527;1664175043;841333;1664175044;843646
27525;1664175044;868635;1664175045;518591
26273;1664175045;535362;1664175051;598568
26271;1664175051;620171;1664175052;288310
23200;1664175052;313441;1664175052;777513
28860;1664175052;797504;1664175055;419972
27475;1664175055;441021;1664175055;991714
27462;1664175056;004865;1664175056;545559
27497;1664175056;567477;1664175057;208666
27489;1664175057;223144;1664175057;776692
27483;1664175057;792562;1664175058;496606
27440;1664175058;514789;1664175059;038622
26193;1664175059;055876;1664175065;550377
27769;1664175065;560970;1664175066;192476
29074;1664175066;205833;1664175066;763790
28860;1664175066;783923;1664175067;378672
28224;1664175067;395651;1664175071;028863
27542;1664175071;053601;1664175071;616367
27529;1664175071;660379;1664175072;309191
27588;1664175072;362201;1664175072;962604
27565;1664175072;978731;1664175073;586278
27538;1664175073;605663;1664175076;567096
26217;1664175076;581726;1664175082;903131
27862;1664175082;921563;1664175083;718533
29067;1664175083;732025;1664175084;424249
28703;1664175084;440902;1664175084;983413
28294;1664175084;998245;1664175085;994673
27503;1664175086;012248;1664175086;630675
27518;1664175086;646810;1664175087;183938
27504;1664175087;196875;1664175087;806627
27460;1664175087;822826;1664175088;516679
27475;1664175088;532556;1664175091;409407
26302;1664175091;443938;1664175101;499340
27545;1664175101;523158;1664175102;490319
27545;1664175102;524710;1664175103;479451
27586;1664175103;494549;1664175104;440966
27568;1664175104;470366;1664175105;351305
27526;1664175105;410567;1664175108;874561
27493;1664175108;921775;1664175110;287089
27465;1664175110;312590;1664175111;420496
27516;1664175111;441066;1664175115;350059
27501;1664175115;381768;1664175116;336244
26301;1664175116;355653;1664175122;850934
27822;1664175122;870579;1664175123;475643
29182;1664175123;488826;1664175124;062194
28676;1664175124;073711;1664175124;827233
28240;1664175124;840675;1664175125;402124
27744;1664175125;429337;1664175128;603560
27531;1664175128;615789;1664175129;260552
27542;1664175129;273309;1664175129;877236
27500;1664175129;894775;1664175130;579299
27548;1664175130;611685;1664175131;104028
26220;1664175131;119762;1664175137;577446
27915;1664175137;603485;1664175138;273229
29168;1664175138;334128;1664175139;048135
28467;1664175139;072537;1664175140;123630
27803;1664175140;143339;1664175141;013736
27496;1664175141;030165;1664175141;608961
27520;1664175141;631450;1664175142;389089
27481;1664175142;401851;1664175143;164595
27517;1664175143;180582;1664175143;969976
27525;1664175143;989237;1664175144;700189
26260;1664175144;714726;1664175153;604460
27744;1664175153;618319;1664175154;239075
27552;1664175154;258153;1664175157;155785
27524;1664175157;174124;1664175158;251337
27511;1664175158;268465;1664175159;092440
27529;1664175159;213587;1664175159;868268
27493;1664175159;884524;1664175160;627335
27593;1664175160;653625;1664175161;28045
27599;1664175161;302219;1664175162;246236
27489;1664175162;293913;1664175162;915478
26205;1664175162;933443;1664175169;356540
27718;1664175169;368178;1664175170;146618
28917;1664175170;174546;1664175170;930147
28436;1664175170;945402;1664175171;557833
28050;1664175171;582905;1664175172;323664
27480;1664175172;341387;1664175173;010282
27505;1664175173;036811;1664175173;809525
27501;1664175173;824808;1664175174;399140
27503;1664175174;430887;1664175175;190085
27555;1664175175;231138;1664175175;837128
26225;1664175175;856270;1664175181;994145
26337;1664175182;011667;1664175182;68913
29146;1664175182;707412;1664175183;426962
28746;1664175183;441193;1664175184;008102
28361;1664175184;022120;1664175184;715316
27777;1664175184;736970;1664175185;280827
27507;1664175185;293987;1664175186;079315
27471;1664175186;134994;1664175186;738107
27485;1664175186;758207;1664175187;610775
27523;1664175187;626458;1664175188;237428
190304;1664175188;253067;1664175198;231443
27595;1664175198;247951;1664175198;815595
27559;1664175198;832662;1664175199;511111
27541;1664175199;548814;1664175200;192049
27497;1664175200;206895;1664175200;955597
27498;1664175201;017553;1664175201;677261
27593;1664175204;220840;1664175205;094709
27520;1664175205;134655;1664175205;718404
27493;1664175205;732862;1664175206;507582
27572;1664175206;525944;1664175207;150538
26303;1664175207;165959;1664175213;730731
23104;1664175213;756227;1664175214;384570
28923;1664175214;410504;1664175215;088242
28423;1664175215;110744;1664175215;801584
28082;1664175215;827509;1664175216;986278
27483;1664175217;009091;1664175217;899904
27551;1664175217;927353;1664175222;063295
27587;1664175222;090994;1664175223;564538
27512;1664175223;589336;1664175227;372513
27540;1664175227;414475;1664175231;574673
26222;1664175231;607534;1664175237;898005
27782;1664175237;918015;1664175238;647281
29179;1664175238;672561;1664175239;331167
28498;1664175239;358640;1664175240;048535
28060;1664175240;064022;1664175240;886883
27543;1664175240;926363;1664175243;867777
27539;1664175243;893971;1664175244;636771
27586;1664175244;658415;1664175245;365099
27520;1664175245;378171;1664175245;925226
27622;1664175245;945167;1664175246;561073
26268;1664175246;580731;1664175255;427886
27734;1664175255;451998;1664175256;565834
27432;1664175256;592796;1664175257;221674
27486;1664175257;254195;1664175257;973207
27394;1664175257;991084;1664175258;810150
27506;1664175258;830606;1664175259;534672
27515;1664175259;554135;1664175260;517409
27477;1664175260;543995;1664175261;596553
27404;1664175261;659043;1664175262;549859
27462;1664175262;571027;1664175266;204216
26180;1664175266;233080;1664175272;593258
27962;1664175272;616682;1664175273;317861
29153;1664175273;356830;1664175274;156196
28615;1664175274;178570;1664175274;947433
27804;1664175274;967209;1664175275;931649
27525;1664175275;960906;1664175276;644334
27471;1664175276;664871;1664175277;246091
27477;1664175277;281539;1664175277;911773
27480;1664175277;929623;1664175278;581539
27492;1664175278;595952;1664175279;358305
26068;1664175279;387258;1664175285;492760
26393;1664175285;512177;1664175286;612700
28867;1664175286;635343;1664175289;861031
27570;1664175289;883416;1664175290;436547
27553;1664175290;454774;1664175291;268783
27515;1664175291;289240;1664175291;900047
27429;1664175291;935721;1664175292;543306
27532;1664175292;566787;1664175293;286730
27586;1664175293;299075;1664175294;199243
27570;1664175294;217715;1664175294;977011
26289;1664175295;003120;1664175301;100731
26422;1664175301;115316;1664175301;642126
23156;1664175301;655130;1664175302;250926
28930;1664175302;286093;1664175303;100312
28230;1664175303;121291;1664175303;751950
27826;1664175303;777093;1664175304;778713
27516;1664175304;793329;1664175305;309931
27503;1664175305;326941;1664175306;158830
27527;1664175306;177505;1664175306;854142
27516;1664175306;872914;1664175309;601146
26197;1664175309;620800;1664175315;749526
26314;1664175315;766146;1664175316;585906
29031;1664175316;616317;1664175317;322203
28609;1664175317;348160;1664175317;898062
28112;1664175317;913520;1664175318;568707
27600;1664175318;584630;1664175319;333933
27479;1664175319;458853;1664175320;177761
27526;1664175320;208040;1664175320;789713
27454;1664175320;817013;1664175321;658317
27483;1664175321;676675;1664175322;353180
26159;1664175322;384355;1664175328;690602
27733;1664175328;707006;1664175329;307229
29044;1664175329;321537;1664175330;004176
28514;1664175330;037261;1664175330;654796
28118;1664175330;694990;1664175331;365851
27676;1664175331;385827;1664175332;055269
27350;1664175332;079576;1664175332;680983
27439;1664175332;698965;1664175333;372384
27447;1664175333;390147;1664175333;977523
27438;1664175333;995150;1664175334;694758
26134;1664175334;714677;1664175341;185973
27689;1664175341;209579;1664175342;063186
28879;1664175342;115423;1664175342;938928
28227;1664175342;958927;1664175343;924822
27500;1664175343;965510;1664175345;363590
27550;1664175345;384358;1664175345;984800
27587;1664175346;002456;1664175346;662485
27581;1664175346;678500;1664175347;281486
27519;1664175347;301498;1664175347;893892
27494;1664175347;906966;1664175348;590549
26095;1664175348;614755;1664175354;72809
26356;1664175354;740827;1664175355;381820
23126;1664175355;400006;1664175355;946111
29022;1664175355;964502;1664175356;862152
28276;1664175356;883369;1664175357;552227
27846;1664175357;582097;1664175361;331817
27322;1664175361;371795;1664175364;943937
27483;1664175364;960420;1664175365;59417
27531;1664175365;612304;1664175368;921456
27479;1664175368;941396;1664175369;593107
26272;1664175369;609000;1664175376;033117
27742;1664175376;051032;1664175376;705289
29255;1664175376;723936;1664175377;309519
28798;1664175377;328674;1664175377;92265
28342;1664175377;938412;1664175378;692811
27887;1664175378;711769;1664175379;393512
27578;1664175379;415241;1664175380;104355
27566;1664175380;122889;1664175380;689191
27583;1664175380;717341;1664175381;504953
27573;1664175381;526874;1664175382;102010
26242;1664175382;125147;1664175388;46988
27963;1664175388;490083;1664175389;077031
29250;1664175389;094046;1664175389;967804
28577;1664175389;990887;1664175390;714503
28118;1664175390;743237;1664175391;545625
27521;1664175391;566644;1664175392;152379
27439;1664175392;171366;1664175392;820003
27486;1664175392;833985;1664175393;463494
27477;1664175393;495229;1664175397;275178
27500;1664175397;302034;1664175398;064957
26246;1664175398;097835;1664175404;428684
27758;1664175404;444573;1664175405;804840
28769;1664175405;831301;1664175406;570809
28282;1664175406;590298;1664175407;229209
27471;1664175407;259019;1664175407;913543
27618;1664175407;926528;1664175408;637471
27552;1664175408;682178;1664175409;422052
27653;1664175409;471056;1664175410;151318
27494;1664175410;167340;1664175410;744384
27558;1664175410;763461;1664175411;411512
26291;1664175411;445928;1664175420;444647
27823;1664175420;482137;1664175425;784621
27446;1664175425;803023;1664175426;762749
27500;1664175426;792037;1664175430;23172
27452;1664175430;260018;1664175431;259134
27474;1664175431;280253;1664175432;253359
27458;1664175432;277281;1664175435;707825
27525;1664175435;734225;1664175437;064782
27434;1664175437;083742;1664175437;763641
27472;1664175437;785885;1664175438;709647
26242;1664175438;727323;1664175444;960601
26347;1664175444;979647;1664175445;742834
29103;1664175445;780279;1664175446;517333
28706;1664175446;537906;1664175447;762232
27818;1664175447;801198;1664175448;742672
27508;1664175448;760196;1664175449;467706
27578;1664175449;482743;1664175450;195787
27481;1664175450;218411;1664175453;599120
27526;1664175453;632416;1664175457;132923
27441;1664175457;149866;1664175457;663473
26293;1664175457;679612;1664175463;923073
26384;1664175463;936959;1664175464;513966
23152;1664175464;527174;1664175465;049921
28906;1664175465;069058;1664175465;994814
28132;1664175466;017171;1664175466;797699
27439;1664175466;906938;1664175470;187685
27442;1664175470;209728;1664175471;002925
27395;1664175471;029462;1664175471;974287
27350;1664175472;021092;1664175473;039169
27496;1664175473;060110;1664175473;630591
26201;1664175473;647440;1664175479;769487
26287;1664175479;804498;1664175480;348681
23150;1664175480;369539;1664175480;939657
28882;1664175480;960673;1664175481;468683
28536;1664175481;495061;1664175482;094390
28081;1664175482;111804;1664175482;817898
27554;1664175482;830841;1664175483;427592
27496;1664175483;445055;1664175484;006893
27503;1664175484;026452;1664175484;687599
27455;1664175484;704417;1664175485;413783
26161;1664175485;428511;1664175491;535262
26449;1664175491;554330;1664175492;100411
23103;1664175492;124104;1664175492;723052
28974;1664175492;740774;1664175493;510004
28315;1664175493;524409;1664175494;959001
27479;1664175494;971519;1664175495;534600
27489;1664175495;550730;1664175496;176273
27429;1664175496;191795;1664175496;812283
27470;1664175496;829590;1664175497;404871
27498;1664175497;416662;1664175498;039570
26279;1664175498;067539;1664175504;159670
26384;1664175504;174912;1664175504;928114
29213;1664175504;956973;1664175505;577266
28654;1664175505;597964;1664175506;231673
28186;1664175506;278357;1664175507;136961
27624;1664175507;153702;1664175507;652426
27494;1664175507;670777;1664175508;297632
27402;1664175508;314309;1664175508;992332
27358;1664175509;022601;1664175509;642253
27504;1664175509;671360;1664175510;197391
26145;1664175510;212541;1664175516;50482
27711;1664175516;524929;1664175517;461299
28884;1664175517;484389;1664175518;435287
28190;1664175518;455915;1664175519;183568
27768;1664175519;200244;1664175519;952945
27468;1664175519;984518;1664175520;901397
27505;1664175520;925868;1664175524;196276
27458;1664175524;216332;1664175525;289923
27479;1664175525;316272;1664175526;047579
27506;1664175526;071719;1664175526;921604
26243;1664175526;942706;1664175533;235928
27793;1664175533;253042;1664175534;004024
29236;1664175534;020171;1664175534;701069
28741;1664175534;743412;1664175535;404895
28257;1664175535;421052;1664175539;015789
27484;1664175539;030756;1664175539;642271
27465;1664175539;668881;1664175540;264788
27463;1664175540;276080;1664175541;26647
27511;1664175541;286983;1664175542;030214
27525;1664175542;048763;1664175542;742385
26225;1664175542;757101;1664175548;933937
27784;1664175548;950716;1664175549;616013
29216;1664175549;629734;1664175550;338192
28682;1664175550;352655;1664175551;052049
28350;1664175551;074805;1664175551;705900
27733;1664175551;718272;1664175552;490407
27575;1664175552;507071;1664175553;334248
27584;1664175553;357611;1664175554;867244
27592;1664175554;893959;1664175555;547729
27590;1664175555;575840;1664175556;528915
26207;1664175556;546745;1664175563;041006
27708;1664175563;055558;1664175566;60364
27428;1664175566;625492;1664175567;610367
27449;1664175567;634545;1664175568;570608
27399;1664175568;627480;1664175569;440643
27349;1664175569;476641;1664175570;514507
27385;1664175570;539804;1664175571;20799
27408;1664175571;223605;1664175572;030511
27409;1664175572;054813;1664175572;799306
27426;1664175572;832896;1664175573;533775
26128;1664175573;546829;1664175579;890198
27671;1664175579;909109;1664175580;433879
29107;1664175580;452571;1664175581;343308
28597;1664175581;376777;1664175582;138364
28003;1664175582;155281;1664175583;004312
27401;1664175583;050306;1664175583;670562
27487;1664175583;692801;1664175584;423068
27502;1664175584;446210;1664175585;615595
27544;1664175585;639197;1664175586;378367
27481;1664175586;408722;1664175587;227503
26241;1664175587;259496;1664175593;624944
27769;1664175593;638860;1664175594;305477
29228;1664175594;323941;1664175595;236019
28491;1664175595;266335;1664175595;958000
27798;1664175595;980929;1664175597;066612
27465;1664175597;107242;1664175597;824555
27482;1664175597;847640;1664175598;4191
27512;1664175598;449362;1664175599;027567
27476;1664175599;045892;1664175599;724390
27491;1664175599;745971;1664175600;363314
26177;1664175600;378501;1664175606;932827
23114;1664175606;953241;1664175610;827260
27619;1664175610;865283;1664175611;853034
27473;1664175611;884372;1664175613;335976
27483;1664175613;362661;1664175614;781841
27528;1664175614;803166;1664175615;762234
27496;1664175615;778336;1664175616;907897
27518;1664175616;933150;1664175617;930777
27436;1664175617;950352;1664175618;964874
27480;1664175618;990636;1664175619;884449
26144;1664175619;946778;1664175628;291796
28157;1664175628;309603;1664175628;861660
27747;1664175628;877033;1664175629;389361
27500;1664175629;433415;1664175630;000259
27469;1664175630;016168;1664175630;616409
27451;1664175630;639690;1664175631;096715
27447;1664175631;113419;1664175631;618135
27484;1664175631;631519;1664175632;302334
27387;1664175632;325113;1664175632;847680
27471;1664175632;859276;1664175633;310462
26288;1664175633;332788;1664175639;607958
27754;1664175639;632171;1664175640;33659
29228;1664175640;366586;1664175640;925641
28650;1664175640;946550;1664175641;606158
28203;1664175641;626045;1664175642;216858
27670;1664175642;231856;1664175642;820337
27397;1664175642;849573;1664175643;335875
27475;1664175643;358648;1664175643;986686
27350;1664175644;005213;1664175644;648813
27473;1664175644;664570;1664175645;373333
26229;1664175645;392756;1664175651;466179
26414;1664175651;482593;1664175652;014678
23144;1664175652;029182;1664175652;483346
29233;1664175652;505202;1664175653;151045
28563;1664175653;178768;1664175653;777067
28113;1664175653;809766;1664175656;911416
27532;1664175656;925740;1664175657;491223
27572;1664175657;504183;1664175658;098889
27501;1664175658;114836;1664175658;561999
27474;1664175658;573885;1664175659;073376
26264;1664175659;091017;1664175665;317247
26323;1664175665;334360;1664175666;070255
29124;1664175666;084933;1664175666;699883
28862;1664175666;721558;1664175667;402541
28335;1664175667;419049;1664175670;052228
27465;1664175670;068564;1664175670;875461
27455;1664175670;899095;1664175671;628817
27519;1664175671;648795;1664175672;327160
27428;1664175672;361521;1664175673;094860
27489;1664175673;111307;1664175673;786577
26255;1664175673;811559;1664175679;988474
27703;1664175680;009948;1664175680;715418
29184;1664175680;742972;1664175681;639305
28413;1664175681;666699;1664175682;776692
27740;1664175682;797486;1664175685;87601
27542;1664175685;893203;1664175686;467926
27516;1664175686;485795;1664175688;477260
27454;1664175688;491607;1664175689;193678
27506;1664175689;212146;1664175689;796035
27464;1664175689;809073;1664175690;415829
26288;1664175690;443309;1664175697;027534
23167;1664175697;050604;1664175698;203739
28942;1664175698;223721;1664175699;019583
28207;1664175699;054518;1664175700;147344
27565;1664175700;196213;1664175701;129424
27518;1664175701;146688;1664175701;647758
27450;1664175701;663197;1664175702;265641
27497;1664175702;279124;1664175702;836816
27553;1664175702;279124;1664175705;992574
27433;1664175706;006786;1664175706;718227
26253;1664175706;736892;1664175716;055993
27505;1664175716;086228;1664175717;098411
27424;1664175717;123578;1664175718;176358
27481;1664175718;203223;1664175719;503777
27505;1664175719;585181;1664175720;607869
27426;1664175720;632393;1664175721;573358
27460;1664175721;609375;1664175726;002925
27362;1664175726;024086;1664175727;762457
27391;1664175727;788598;1664175729;254149
27460;1664175729;276302;1664175733;289251
26233;1664175733;513087;1664175742;449876
27734;1664175742;465374;1664175743;163602
27504;1664175743;179874;1664175743;895649
27497;1664175743;922354;1664175745;086823
27489;1664175745;122656;1664175745;855270
27470;1664175745;875586;1664175746;548662
27410;1664175746;570240;1664175747;715656
27522;1664175747;867312;1664175748;758657
27483;1664175748;819366;1664175750;172451
27522;1664175750;195796;1664175750;789336
26247;1664175750;803046;1664175757;321287
23097;1664175757;346422;1664175758;145089
28917;1664175758;161477;1664175758;906001
28297;1664175758;923475;1664175759;827785
27842;1664175759;851462;1664175760;552575
27461;1664175760;578593;1664175761;20118
27487;1664175761;215421;1664175761;920119
27446;1664175761;938723;1664175762;589375
27466;1664175762;623568;1664175766;799953
27429;1664175766;826888;1664175767;505691
26242;1664175767;523881;1664175773;660525
26326;1664175773;678922;1664175777;400156
27417;1664175777;417268;1664175778;23076
27468;1664175778;300973;1664175779;058981
27488;1664175779;083393;1664175779;935707
27507;1664175779;973016;1664175780;647430
27448;1664175780;669501;1664175781;348701
27461;1664175781;382114;1664175781;852479
27466;1664175781;865746;1664175782;564379
27494;1664175782;592221;1664175783;233472
26241;1664175783;256055;1664175789;765975
23096;1664175789;781195;1664175790;522487
28994;1664175790;559564;1664175791;241140
28506;1664175791;261050;1664175791;867440
28111;1664175791;882160;1664175792;493909
27466;1664175792;519748;1664175793;300514
27571;1664175793;323533;1664175793;950472
27607;1664175793;964113;1664175797;407366
27580;1664175797;428756;1664175798;179338
27732;1664175798;219809;1664175798;789993
26299;1664175798;814719;1664175807;903965
27456;1664175807;939993;1664175808;697568
27519;1664175808;719310;1664175809;574436
27471;1664175809;604181;1664175810;1452
27510;1664175810;159227;1664175810;790140
27533;1664175810;811312;1664175811;421283
27483;1664175811;434885;1664175812;08065
27494;1664175812;094497;1664175813;005049
27534;1664175813;024653;1664175816;552689
27460;1664175816;568123;1664175820;037352
26246;1664175820;057793;1664175827;144369
29088;1664175827;174838;1664175827;908334
28663;1664175827;927438;1664175831;238475
27475;1664175831;294229;1664175831;964682
27534;1664175831;995314;1664175832;638426
27441;1664175832;658045;1664175833;384476
27459;1664175833;403191;1664175834;014771
27512;1664175834;044874;1664175834;725125
27496;1664175834;739292;1664175835;351490
27436;1664175835;370455;1664175836;132410
26256;1664175836;153456;1664175842;908604
23095;1664175842;938771;1664175846;808618
27466;1664175846;889711;1664175848;2709
27459;1664175848;302340;1664175852;64258
27539;1664175852;726485;1664175865;207196
27496;1664175865;229679;1664175866;641272
27520;1664175866;663278;1664175868;498817
27464;1664175868;526315;1664175869;975969
27476;1664175870;003907;1664175874;162052
27496;1664175874;186901;1664175881;835060
26249;1664175881;860536;1664175888;130113
27868;1664175888;158147;1664175891;494514
27490;1664175891;513728;1664175894;915866
27522;1664175894;937959;1664175898;347160
27480;1664175898;380319;1664175901;965152
27488;1664175901;980312;1664175902;704572
27455;1664175902;722310;1664175903;346813
27450;1664175903;364230;1664175903;924567
27486;1664175903;940619;1664175904;606951
27433;1664175904;626740;1664175905;330264
26175;1664175905;355404;1664175912;421239
29092;1664175912;460611;1664175913;882583
28058;1664175913;909424;1664175915;728789
27569;1664175915;765988;1664175917;176489
27482;1664175917;201690;1664175918;515968
27481;1664175918;561161;1664175919;955355
27543;1664175919;980779;1664175921;156203
27454;1664175921;175930;1664175922;282631
27447;1664175922;319106;1664175923;505846
27528;1664175923;527659;1664175925;206518
26223;1664175925;244692;1664175932;352403
29163;1664175932;421564;1664175936;361467
27535;1664175936;417507;1664175939;192321
27608;1664175939;241946;1664175944;720015
27523;1664175944;760839;1664175946;31771
27544;1664175946;339082;1664175950;551597
27483;1664175950;589187;1664175952;285446
27503;1664175952;362882;1664175953;910852
27450;1664175954;023344;1664175955;223812
27608;1664175955;248620;1664175956;057225
26306;1664175956;085404;1664175962;497657
27814;1664175962;522655;1664175963;087487
29174;1664175963;108321;1664175963;853208
28603;1664175963;900730;1664175964;639233
28231;1664175964;656148;1664175965;266065
27553;1664175965;286541;1664175965;833009
27552;1664175965;866162;1664175966;478037
27594;1664175966;503742;1664175967;129664
27661;1664175967;156316;1664175967;754017
27624;1664175967;772050;1664175968;412693
26207;1664175968;430809;1664175975;096271
23125;1664175975;112193;1664175975;551802
29153;1664175975;567841;1664175976;138034
28651;1664175976;155595;1664175976;761109
28275;1664175976;778208;1664175977;544449
27504;1664175977;565359;1664175978;135214
27429;1664175978;148482;1664175978;605705
27399;1664175978;626038;1664175979;127121
27506;1664175979;152273;1664175979;939880
27425;1664175979;956995;1664175980;576140
26237;1664175980;597555;1664175986;900630
27720;1664175986;926625;1664175987;520595
29168;1664175987;535896;1664175988;203792
28954;1664175988;220070;1664175988;810197
28451;1664175988;829556;1664175989;395746
28160;1664175989;428897;1664175990;083992
27573;1664175990;101264;1664175990;733348
27479;1664175990;751603;1664175991;375942
27486;1664175991;391127;1664175992;019092
27518;1664175992;040868;1664175992;834923
26273;1664175992;853894;1664175998;953880
26340;1664175998;968931;1664176004;498182
27515;1664176004;522226;1664176005;226129
27513;1664176005;243707;1664176005;774148
27444;1664176005;790460;1664176006;367711
27446;1664176006;383090;1664176006;87823
27539;1664176006;892973;1664176007;450680
27587;1664176007;468805;1664176008;036247
27452;1664176008;052569;1664176008;685881
27482;1664176008;704216;1664176009;333327
26318;1664176009;348871;1664176015;665342
27673;1664176015;682777;1664176016;285110
29310;1664176016;306097;1664176016;980738
28753;1664176017;005076;1664176017;613866
28227;1664176017;632358;1664176018;214077
27780;1664176018;228547;1664176018;990734
27492;1664176019;012131;1664176019;597599
27458;1664176019;615310;1664176020;380417
27565;1664176020;414386;1664176021;079888
27486;1664176021;094506;1664176021;697608
26180;1664176021;713599;1664176028;262247
27922;1664176028;307492;1664176028;934350
28809;1664176028;952920;1664176029;583799
28556;1664176029;597821;1664176030;323615
28250;1664176030;348501;1664176030;983707
27552;1664176031;005460;1664176031;547353
27580;1664176031;563557;1664176032;471424
27571;1664176032;495425;1664176033;125399
27613;1664176033;148251;1664176033;771128
27527;1664176033;787114;1664176034;982294
26328;1664176034;998456;1664176041;090838
26350;1664176041;106994;1664176041;663884
23202;1664176041;676898;1664176042;374724
29008;1664176042;389799;1664176043;122446
28333;1664176043;144631;1664176043;722418
27824;1664176043;737079;1664176044;377046
27579;1664176046;476386;1664176047;113198
27596;1664176047;132992;1664176047;716706
27552;1664176047;745807;1664176048;507616
27616;1664176048;527053;1664176049;283063
26308;1664176049;311603;1664176055;544817
27639;1664176055;576113;1664176056;112023
29080;1664176056;126462;1664176056;776541
28679;1664176056;791247;1664176057;45329
28310;1664176057;479645;1664176058;321498
27617;1664176058;345973;1664176059;030750
27529;1664176059;056476;1664176060;138139
27545;1664176060;159137;1664176060;755219
27623;1664176060;770665;1664176061;474466
27500;1664176061;493813;1664176062;034789
26306;1664176062;050680;1664176068;903518
23153;1664176068;923880;1664176071;007235
27785;1664176071;045426;1664176075;592689
27606;1664176075;619233;1664176077;127245
27551;1664176077;171707;1664176078;823340
27597;1664176078;842992;1664176079;986185
27563;1664176080;022111;1664176081;299853
27605;1664176081;321707;1664176085;129846
27555;1664176085;166898;1664176086;639205
27622;1664176086;810180;1664176088;670353
26327;1664176088;686276;1664176095;135802
27945;1664176095;154824;1664176095;868038
29297;1664176095;884327;1664176096;651614
28603;1664176096;672037;1664176097;368289
28243;1664176097;413888;1664176097;965214
27712;1664176097;977051;1664176098;747888
27690;1664176098;763867;1664176099;338973
27702;1664176099;355465;1664176099;880043
27719;1664176099;904983;1664176100;579130
27564;1664176100;606442;1664176101;251774
26426;1664176101;288547;1664176107;521583
27949;1664176107;555150;1664176108;523749
29135;1664176108;534764;1664176109;094533
28586;1664176109;113171;1664176109;774634
28097;1664176109;812571;1664176110;431973
27749;1664176110;447984;1664176111;010011
27754;1664176111;028464;1664176111;644078
27755;1664176111;663435;1664176112;370720
27699;1664176112;391066;1664176112;909536
27674;1664176112;933780;1664176115;658875
26496;1664176115;680073;1664176121;992047
27963;1664176122;016099;1664176122;654597
29347;1664176122;699820;1664176123;220842
28797;1664176123;234293;1664176123;850857
28417;1664176123;869596;1664176124;567528
27914;1664176124;591134;1664176125;138247
27603;1664176125;163282;1664176125;765512
27694;1664176125;784175;1664176126;540769
27566;1664176126;564631;1664176127;054552
27724;1664176127;075392;1664176127;655257
26487;1664176127;673890;1664176134;124696
23251;1664176134;143688;1664176134;982159
29051;1664176135;001072;1664176135;801461
28383;1664176135;821442;1664176139;306608
27688;1664176139;340612;1664176140;246057
27613;1664176140;263485;1664176141;147654
27698;1664176141;177432;1664176141;780193
27584;1664176141;807575;1664176143;133718
27683;1664176143;155673;1664176144;018902
27637;1664176144;035064;1664176144;724648
26330;1664176144;752692;1664176151;148464
27760;1664176151;175930;1664176152;000818
28919;1664176152;031953;1664176153;126198
28166;1664176153;268873;1664176153;954895
27498;1664176154;067709;1664176154;949574
27533;1664176154;976286;1664176155;650178
27614;1664176155;677936;1664176156;457005
27593;1664176156;498556;1664176157;190024
27542;1664176157;210092;1664176157;875601
27530;1664176157;895085;1664176158;700015
26484;1664176158;721105;1664176164;882574
26348;1664176164;907913;1664176165;442900
23283;1664176165;469755;1664176166;097403
29113;1664176166;127536;1664176166;852666
28607;1664176166;870443;1664176167;600550
27949;1664176167;617681;1664176168;315422
27735;1664176168;328046;1664176170;910559
27401;1664176170;934506;1664176171;639886
27394;1664176171;656313;1664176172;224907
27417;1664176172;265355;1664176173;164185
26496;1664176173;193834;1664176179;482691
28099;1664176179;512383;1664176180;184855
29210;1664176180;202592;1664176180;731349
28816;1664176180;743434;1664176181;512535
28361;1664176181;534045;1664176182;117635
27909;1664176182;131153;1664176182;650032
27705;1664176182;668160;1664176183;463960
27423;1664176183;494922;1664176184;272452
27469;1664176184;315606;1664176184;943311
27458;1664176184;970457;1664176185;589884
26538;1664176185;618860;1664176191;906645
27971;1664176191;933643;1664176192;713411
29193;1664176192;744127;1664176193;405943
28686;1664176193;425106;1664176194;129135
28157;1664176194;145017;1664176194;945334
27690;1664176194;969398;1664176195;632739
27439;1664176195;653826;1664176196;487500
27480;1664176196;503700;1664176197;235591
27461;1664176197;257205;1664176198;033539
27463;1664176200;694032;1664176201;244667
32975;1664176201;264687;1664176209;818564
44910;1664176209;844551;1664176211;235938
32984;1664176211;259711;1664176211;932762
32317;1664176211;950498;1664176212;970746
31701;1664176212;988621;1664176213;656846
30244;1664176213;683385;1664176215;128185
28394;1664176215;150415;1664176216;202921
26503;1664176216;367309;1664176222;561265
27503;1664176222;585824;1664176223;220184
27534;1664176223;237043;1664176224;133351
179330;1664176224;152976;1664176238;941234
27450;1664176238;967720;1664176239;939693
27372;1664176239;979676;1664176243;75582
27420;1664176243;797802;1664176244;636391
27431;1664176244;659319;1664176245;452409
27381;1664176245;470153;1664176246;142269
27419;1664176246;158353;1664176246;756637
27406;1664176246;772967;1664176247;552626
27378;1664176247;579959;1664176248;419134
27407;1664176248;435865;1664176249;116864
26586;1664176249;136685;1664176255;309223
26329;1664176255;340239;1664176255;947350
23270;1664176255;968516;1664176256;544237
28991;1664176256;562629;1664176257;358801
28399;1664176257;403712;1664176263;639811
27528;1664176263;658702;1664176264;279457
27408;1664176264;294894;1664176264;946952
27332;1664176264;977399;1664176265;727524
27253;1664176265;802272;1664176266;454414
27285;1664176266;483601;1664176267;112808
26330;1664176267;134733;1664176273;573433
27881;1664176273;590291;1664176274;874650
28851;1664176274;904528;1664176278;486376
27502;1664176278;508526;1664176279;177636
27562;1664176279;206412;1664176283;433373
27610;1664176283;467032;1664176293;345143
27679;1664176293;461266;1664176294;042285
27628;1664176294;068146;1664176297;755134
27536;1664176297;792534;1664176298;423056
27521;1664176298;444066;1664176299;383393
26442;1664176299;426528;1664176305;633566
27787;1664176305;657448;1664176306;290540
29153;1664176306;311393;1664176307;171297
28622;1664176307;205935;1664176307;850302
28119;1664176307;872302;1664176308;521296
27646;1664176308;545724;1664176312;345574
27720;1664176312;372363;1664176313;01754
27626;1664176313;030976;1664176313;570735
27650;1664176313;589022;1664176314;177496
27682;1664176314;195689;1664176315;114207
26386;1664176315;146320;1664176321;386619
27924;1664176321;404823;1664176322;157454
29371;1664176322;179959;1664176322;881171
28918;1664176322;901850;1664176323;450722
28482;1664176323;467851;1664176324;038389
27933;1664176324;055144;1664176325;027421
27300;1664176325;050906;1664176328;628251
27344;1664176328;651540;1664176329;288403
27331;1664176329;307088;1664176329;985996
27383;1664176330;009653;1664176330;70048
26461;1664176330;726749;1664176337;500353
29398;1664176337;534159;1664176338;822140
28475;1664176338;957844;1664176342;540211
27371;1664176342;567363;1664176343;154013
27386;1664176343;187365;1664176343;913324
27387;1664176343;932692;1664176344;648906
27341;1664176344;672911;1664176345;312246
27277;1664176345;352549;1664176346;072670
27242;1664176346;101407;1664176346;739155
27302;1664176346;760842;1664176347;428092
26386;1664176347;446542;1664176356;570880
27806;1664176356;587934;1664176357;153682
27567;1664176357;167436;1664176357;969803
27542;1664176357;991351;1664176358;572534
27536;1664176358;592205;1664176359;218306
27575;1664176359;233199;1664176359;923018
27539;1664176359;945647;1664176360;463580
27533;1664176360;485171;1664176361;274784
27546;1664176361;304166;1664176363;963398
27619;1664176363;981756;1664176364;652867
26337;1664176364;674914;1664176371;173309
27690;1664176371;209261;1664176371;886731
29040;1664176371;912361;1664176372;641286
28617;1664176372;711612;1664176376;006654
27581;1664176376;039775;1664176381;858127
27492;1664176381;889331;1664176382;647179
27328;1664176382;666099;1664176383;526485
27542;1664176383;555897;1664176384;240815
27524;1664176384;274719;1664176388;086319
27644;1664176388;106441;1664176388;787419
26336;1664176388;799471;1664176398;839175
27555;1664176398;858036;1664176399;45675
27609;1664176399;471252;1664176400;119768
27520;1664176400;138856;1664176400;755789
27604;1664176400;786095;1664176401;588187
27583;1664176401;608377;1664176402;425064
27629;1664176402;448581;1664176403;028997
27456;1664176403;051858;1664176403;621623
27658;1664176403;644099;1664176404;415061
27596;1664176404;432772;1664176405;241138
26462;1664176405;266816;1664176411;736187
27953;1664176411;793801;1664176412;462885
29082;1664176412;498557;1664176413;338997
28592;1664176413;367023;1664176415;644723
27408;1664176415;663209;1664176419;033355
27384;1664176419;051489;1664176422;891513
27463;1664176422;923937;1664176423;68528
27409;1664176423;706357;1664176427;504651
27416;1664176427;521813;1664176428;253081
